1597715215
-15291184
55008738
-1264646807
-790907135
-2065118549
1143095714
-505170152
-311368937
983381861
-1983767627
-1681700078
1513928252
358922022
-1779239475
-1645225287
90572164
-1504736829
-1667697787
773058874
-1214602453
-731473317
-1475134296
1165988748
1715413465
-528666350
-933897985
360243004
635273123
-1484856641
-381094016
-1667202318
-1565865689
-1839041448
-1512623126
-428564818
-2126772476
511496910
58462368
-876274142
-456215584
-723684613
1414339324
149202109
-463206755
1356723039
-1374541836
-2131208971
-2120931339
-69655822
-1096985201
-512120859
-93851057
1988986848
102393668
1597709792
757243204
-1959099110
-655237222
-437815977
488035629
422317799
1320395498
-607096958
-193870613
-669677209
325744678
857437125
270378730
-97490020
653437868
-1836756466
-1045639414
-1881885460
-2124839237
-1656106041
-925848616
249731412
-1660361364
-887584791
1611096187
-1530875448
-1922828980
1842572723
-778799981
1200413105
1268431596
1129112898
-1673214980
-239909621
1538034657
1523494074
1275655505
-2130553282
-639095714
1466366819
1206940652
1590369202
-908270122
527700896
735992233
1398940140
-1617160234
398933912
802810616
-157475443
1602068308
-1221530042
1163676961
-1778684536
-99817315
-1173238507
-1831143815
-1099213382
-1178480087
1233436559
-570647825
1346386433
2122156199
-1147693603
1791987670
1710861694
1278664980
-279041571
1642335801
1411285412
-1333100986
-1031383346
1082131732
-1958386178
1249444026
-1113910532
61387039
1714106306
-1835012108
-1936789823
-1968699195
-2064147098
764179279
-718601368
-1484922192
-993155721
1750483600
1328947252
1841672635
360759148
1411370464
1211579970
-864448764
480004260
